   4.1244893e+01   4.2214006e+01   4.3995172e+01   4.3730939e+01   4.0904613e+01   4.6964676e+01   5.3816050e+01   5.4438824e+01   5.6011120e+01   5.6145319e+01   5.6870709e+01
   3.8710321e+01   4.0733691e+01   4.2581676e+01   4.3619936e+01   4.1034873e+01   4.6952937e+01   5.5429201e+01   5.4517960e+01   5.3166500e+01   5.0718952e+01   5.5278099e+01
   4.4684089e+01   3.9106477e+01   4.2271687e+01   4.2835077e+01   4.5197550e+01   4.6613594e+01   5.6419445e+01   5.5369036e+01   5.2163141e+01   5.2860349e+01   5.1264432e+01
   4.5114672e+01   4.3222236e+01   4.4586890e+01   4.4690740e+01   4.1026952e+01   4.0631412e+01   5.6965998e+01   5.3047136e+01   5.2863130e+01   5.0931355e+01   4.7800710e+01
   4.2804098e+01   4.4165695e+01   4.2130038e+01   4.4665165e+01   4.2873964e+01   4.4510069e+01   6.1438792e+01   5.2780792e+01   4.6506145e+01   4.5915720e+01   4.7659886e+01
   3.9856778e+01   4.3708479e+01   4.2243673e+01   4.2931172e+01   4.4035009e+01   4.3253707e+01   5.4160636e+01   5.2690312e+01   4.3399750e+01   4.5708228e+01   4.7055157e+01
   4.2272847e+01   4.5992247e+01   4.6260495e+01   4.1098458e+01   4.1555787e+01   4.2511747e+01   4.7715224e+01   5.0262910e+01   4.2955218e+01   4.5168991e+01   4.4038057e+01
   4.5800831e+01   4.5194645e+01   4.4287567e+01   4.4036771e+01   4.7053319e+01   4.2130267e+01   5.1946076e+01   4.4376418e+01   4.5168224e+01   4.5388407e+01   4.5201305e+01
   4.1793083e+01   4.4994691e+01   4.6249324e+01   4.6679568e+01   4.5820197e+01   4.5486452e+01   4.7410412e+01   4.3570238e+01   3.8874934e+01   4.6093171e+01   4.3763843e+01
   4.3716495e+01   4.2611704e+01   4.4383212e+01   4.4701036e+01   4.6462966e+01   4.2876164e+01   4.3325342e+01   4.3634316e+01   4.6117407e+01   4.5899377e+01   4.1563015e+01
   4.0619996e+01   4.7952521e+01   4.6788140e+01   4.4150919e+01   4.9678027e+01   4.3770841e+01   4.3708892e+01   4.5612550e+01   4.2800313e+01   4.3268262e+01   4.4214453e+01
   4.5760980e+01   4.7567481e+01   4.7095348e+01   4.6017162e+01   4.5876781e+01   4.3540414e+01   4.0918658e+01   4.3343052e+01   4.6564881e+01   4.4347768e+01   4.4730431e+01
