   5.8144991e+01   5.7874738e+01   5.8098063e+01   5.5819519e+01   5.0297128e+01   5.2318428e+01   4.5317648e+01   4.1885488e+01   4.2219024e+01   4.2119651e+01   4.3085618e+01
   5.4537462e+01   5.5615653e+01   5.6115903e+01   5.5212941e+01   4.9763650e+01   5.0977656e+01   4.3609435e+01   3.9541247e+01   3.7920957e+01   3.6122493e+01   4.1707165e+01
   5.8474168e+01   5.2724783e+01   5.5259829e+01   5.4442554e+01   5.4126562e+01   5.0131677e+01   4.1536266e+01   3.9173045e+01   3.7345720e+01   4.0037143e+01   4.0522874e+01
   5.7131285e+01   5.5745820e+01   5.7233510e+01   5.6702149e+01   5.0865252e+01   4.4721964e+01   4.0850741e+01   3.7529409e+01   4.0178649e+01   4.1236860e+01   4.0758426e+01
   5.1970305e+01   5.4482572e+01   5.3537131e+01   5.6707601e+01   5.4016601e+01   5.0057216e+01   4.4886421e+01   4.0019954e+01   3.8424889e+01   4.1461499e+01   4.5542611e+01
   4.5926536e+01   5.0993669e+01   5.1122982e+01   5.3577241e+01   5.5543388e+01   5.0469558e+01   3.8471087e+01   4.4088437e+01   4.0157188e+01   4.5042747e+01   4.7162802e+01
   4.5807965e+01   5.0216246e+01   5.1904087e+01   4.9044583e+01   5.2142883e+01   5.1552603e+01   3.4323898e+01   4.6544624e+01   4.3003165e+01   4.5736275e+01   4.4408677e+01
   4.8031074e+01   4.7237836e+01   4.6973448e+01   4.8662109e+01   5.5311388e+01   5.2913979e+01   4.2490468e+01   4.4515345e+01   4.6093068e+01   4.6175979e+01   4.5853841e+01
   4.3879236e+01   4.6191989e+01   4.7247829e+01   4.8589758e+01   5.0935266e+01   5.7528632e+01   4.3351327e+01   4.5074413e+01   4.0180127e+01   4.7421060e+01   4.4941691e+01
   4.6027406e+01   4.3761266e+01   4.5088014e+01   4.5419924e+01   4.8764153e+01   5.5311388e+01   4.4944848e+01   4.5738330e+01   4.8281449e+01   4.8067627e+01   4.3583510e+01
   4.3205240e+01   4.9211287e+01   4.7808263e+01   4.5039236e+01   5.0431296e+01   5.5709821e+01   4.9281922e+01   4.9183515e+01   4.6366690e+01   4.6836001e+01   4.7652362e+01
   4.8791544e+01   4.9193668e+01   4.8624996e+01   4.7593048e+01   4.6643563e+01   5.4368941e+01   4.8537263e+01   4.9227620e+01   5.2466950e+01   5.0249986e+01   5.0527411e+01
