   3.5347224e+01   3.8074195e+01   3.2647706e+01   3.0304009e+01   2.6448185e+01   2.3181323e+01   1.9171907e+01   1.6853313e+01   1.9183965e+01   1.7451350e+01   1.3872072e+01
   5.1252903e+01   4.8991470e+01   4.5884276e+01   3.7979516e+01   3.2889420e+01   2.2411895e+01   2.0527543e+01   1.7624621e+01   1.5762408e+01   1.2997081e+01   1.4028575e+01
   6.0995703e+01   5.5579056e+01   4.7773900e+01   3.1613659e+01   3.6672680e+01   2.7554228e+01   1.8465895e+01   1.5820922e+01   1.7746481e+01   1.1867743e+01   1.0031135e+01
   8.1963126e+01   6.7098605e+01   6.0326601e+01   4.4778024e+01   4.5919435e+01   3.2640216e+01   1.8632029e+01   1.4830708e+01   1.0636117e+01   9.8894185e+00   9.3053152e+00
   9.8325659e+01   8.1134706e+01   8.3028750e+01   4.9417630e+01   5.0977797e+01   2.7687798e+01   1.8561770e+01   1.2306743e+01   1.0197497e+01   1.0834661e+01   9.3032571e+00
   9.1389537e+01   1.0106950e+02   8.4154219e+01   8.4527180e+01   6.8663874e+01   2.9433567e+01   1.4920376e+01   1.0993631e+01   1.0212491e+01   1.0837522e+01   1.0191895e+01
   9.4274189e+01   9.4615113e+01   1.0165229e+02   9.6833763e+01   7.9898322e+01   4.4325192e+01   1.3403872e+01   1.0198471e+01   8.0895980e+00   1.1063267e+01   1.1564532e+01
   1.1190824e+02   1.0771151e+02   9.2353674e+01   1.0269937e+02   1.0301377e+02   4.8842220e+01   9.4162135e+00   1.0652540e+01   1.2536445e+01   1.1542075e+01   9.6746704e+00
   1.0537242e+02   7.6515998e+01   1.1070311e+02   9.5540596e+01   9.2483927e+01   5.7363358e+01   1.1381091e+01   9.4962695e+00   1.0077044e+01   1.0816217e+01   8.5481556e+00
   1.0332173e+02   1.0002016e+02   1.0944077e+02   1.0729026e+02   1.1091908e+02   6.8711577e+01   1.1113472e+01   1.1145185e+01   9.4544309e+00   1.0901074e+01   9.1643576e+00
   9.7184268e+01   1.1692488e+02   9.7373520e+01   9.7511311e+01   1.0827657e+02   8.2963815e+01   1.1436958e+01   1.2872118e+01   1.0835602e+01   9.7854703e+00   1.1524839e+01
   9.9745837e+01   1.1072256e+02   1.2783580e+02   1.0579945e+02   9.2395369e+01   1.2080255e+02   1.1564051e+01   1.1753809e+01   1.4408814e+01   1.0408955e+01   1.1187405e+01
