   1.5587202e+02   1.3795822e+02   1.2140659e+02   1.1942307e+02   1.0356929e+02   1.0780918e+02   2.3718782e+00   3.7260016e+00   6.0490019e+00   7.0483489e+00   6.5973611e+00
   1.7176697e+02   1.3808670e+02   1.3667057e+02   1.2444234e+02   1.1241240e+02   9.7515975e+01   2.9883235e+00   4.8976240e+00   6.3565932e+00   6.7121478e+00   8.4549580e+00
   1.4920113e+02   1.1636644e+02   1.0880078e+02   8.2819974e+01   1.0721359e+02   1.1432678e+02   3.6450770e+00   6.3423709e+00   1.0286800e+01   8.5895403e+00   8.1814162e+00
   1.6329390e+02   1.1397455e+02   1.1212515e+02   9.7826406e+01   1.1731228e+02   1.2994209e+02   4.7788055e+00   7.8592671e+00   7.9008232e+00   8.7729108e+00   8.8652942e+00
   1.5576822e+02   1.0677056e+02   1.1755119e+02   8.2529080e+01   1.0425186e+02   1.0118481e+02   6.8413795e+00   9.0763410e+00   9.6483950e+00   1.1146594e+01   9.4916073e+00
   1.2580473e+02   1.1162734e+02   9.6358411e+01   1.1085955e+02   1.1112398e+02   9.6180242e+01   7.6511897e+00   1.0162173e+01   1.0636980e+01   1.1212905e+01   1.0061512e+01
   1.2143259e+02   9.5052562e+01   1.0150012e+02   1.0491149e+02   1.0258476e+02   1.2514830e+02   9.2745736e+00   1.0527116e+01   8.2748590e+00   1.0974855e+01   1.1142453e+01
   1.4073043e+02   1.0492127e+02   8.7048350e+01   9.9213929e+01   1.0854406e+02   1.1434371e+02   8.3135378e+00   1.0892249e+01   1.2269717e+01   1.1253685e+01   9.2666100e+00
   1.2972146e+02   7.4247967e+01   1.0415283e+02   8.9162069e+01   8.5745494e+01   1.0724588e+02   1.1611955e+01   9.1827985e+00   9.6907064e+00   1.0404205e+01   8.0977082e+00
   1.2270339e+02   9.5996906e+01   1.0379343e+02   1.0113526e+02   9.7910483e+01   1.0056594e+02   1.1418105e+01   1.0480588e+01   8.8973946e+00   1.0257851e+01   8.5208225e+00
   1.1069209e+02   1.1032674e+02   9.1701658e+01   9.2602211e+01   9.6072503e+01   9.5312708e+01   1.0514923e+01   1.1704319e+01   9.8466449e+00   8.8918065e+00   1.0376906e+01
   1.0857565e+02   1.0267236e+02   1.1849103e+02   9.9076110e+01   8.3447716e+01   1.1122192e+02   9.3137068e+00   1.0079044e+01   1.2360041e+01   8.9288553e+00   9.5306542e+00
