   4.3429448e-02   4.3429448e-02   4.3429448e-02   4.3429448e-02   4.3429448e-02   4.3429448e-02   4.3429448e-02   4.3429448e-02   4.3429448e-02   4.3429448e-02   4.3429448e-02
   4.3429448e-02   4.3429448e-02   4.3429448e-02   4.3429448e-02   4.3429448e-02   4.3429448e-02   4.3429448e-02   4.3429448e-02   4.3429448e-02   4.3429448e-02   4.3429448e-02
   4.3429448e-02   4.3429448e-02   4.3429448e-02   4.3429448e-02   4.3429448e-02   4.3429448e-02   4.3429448e-02   4.3429448e-02   4.3429448e-02   4.3429448e-02   4.3429448e-02
   4.3429448e-02   4.3429448e-02   4.3429448e-02   4.3429448e-02   4.3429448e-02   4.3429448e-02   4.3429448e-02   4.3429448e-02   4.3429448e-02   4.3429448e-02   4.3429448e-02
   4.3429448e-02   4.3429448e-02   4.3429448e-02   4.3429448e-02   4.3429448e-02   4.3429448e-02   4.3429448e-02   4.3429448e-02   4.3429448e-02   4.3429448e-02   4.3429448e-02
   4.3429448e-02   4.3429448e-02   4.3429448e-02   4.3429448e-02   4.3429448e-02   4.3429448e-02   4.3429448e-02   4.3429448e-02   4.3429448e-02   4.3429448e-02   4.3429448e-02
   4.3429448e-02   4.3429448e-02   4.3429448e-02   4.3429448e-02   4.3429448e-02   4.3429448e-02   4.3429448e-02   4.3429448e-02   4.3429448e-02   4.3429448e-02   4.3429448e-02
   4.3429448e-02   4.3429448e-02   4.3429448e-02   4.3429448e-02   4.3429448e-02   4.3429448e-02   4.3429448e-02   4.3429448e-02   4.3429448e-02   4.3429448e-02   4.3429448e-02
   4.3429448e-02   4.3429448e-02   4.3429448e-02   4.3429448e-02   4.3429448e-02   4.3429448e-02   4.3429448e-02   4.3429448e-02   4.3429448e-02   4.3429448e-02   4.3429448e-02
   4.3429448e-02   4.3429448e-02   4.3429448e-02   4.3429448e-02   4.3429448e-02   4.3429448e-02   4.3429448e-02   4.3429448e-02   4.3429448e-02   4.3429448e-02   4.3429448e-02
   4.3429448e-02   4.3429448e-02   4.3429448e-02   4.3429448e-02   4.3429448e-02   4.3429448e-02   4.3429448e-02   4.3429448e-02   4.3429448e-02   4.3429448e-02   4.3429448e-02
   4.3429448e-02   4.3429448e-02   4.3429448e-02   4.3429448e-02   4.3429448e-02   4.3429448e-02   4.3429448e-02   4.3429448e-02   4.3429448e-02   4.3429448e-02   4.3429448e-02
