  -1.2039302e+04   5.0000000e+02
  -8.3494775e+03   5.0000000e+02
  -5.7138886e+03   5.0000000e+02
  -3.8313252e+03   5.0000000e+02
  -2.4866370e+03   5.0000000e+02
  -1.5261455e+03   5.0000000e+02
  -8.4008008e+02   5.0000000e+02
  -3.5003336e+02   5.0000000e+02
   0.0000000e+00   5.0000000e+02
   2.5023961e+02   4.6668557e+02
   5.0047921e+02   4.3335223e+02
   7.5071882e+02   4.0000000e+02
   1.0005335e+03   3.6667638e+02
   1.2503482e+03   3.3333389e+02
   1.5001629e+03   3.0000000e+02
   1.7501712e+03   2.6666031e+02
   2.0001794e+03   2.3332923e+02
   2.2501877e+03   2.0000000e+02
   2.5002375e+03   1.6419621e+02
   2.7502872e+03   1.2839427e+02
   3.0003370e+03   1.0000000e+02
   3.2503939e+03   7.8395512e+01
   3.5004508e+03   6.0494892e+01
   3.7505077e+03   5.0000000e+01
   4.0004077e+03   4.5679245e+01
   4.2503076e+03   4.2839326e+01
   4.5002076e+03   4.0000000e+01
   4.7502411e+03   3.6666300e+01
   5.0002747e+03   3.3333193e+01
   5.2503082e+03   3.0000000e+01
   5.5003223e+03   2.6666686e+01
   5.7503364e+03   2.3333285e+01
   6.0003505e+03   2.0000000e+01
   6.2503907e+03   1.6666804e+01
   6.5004309e+03   1.3333723e+01
   6.7504711e+03   1.0000000e+01
   7.0003666e+03   6.6673096e+00
   7.2502621e+03   3.3339762e+00
   7.5001576e+03   0.0000000e+00
   7.8501910e+03   0.0000000e+00
   8.3402377e+03   0.0000000e+00
   9.0263031e+03   0.0000000e+00
   9.9867947e+03   0.0000000e+00
   1.1331483e+04   0.0000000e+00
   1.3214046e+04   0.0000000e+00
   1.5849635e+04   0.0000000e+00
   1.9539459e+04   0.0000000e+00
