   5.0005992e+01   5.0833204e+01   5.2333290e+01   5.1640167e+01   4.8207597e+01   5.3093021e+01   5.0196762e+01   4.8608763e+01   5.0061733e+01   5.0699734e+01   5.2160523e+01
   4.8708517e+01   5.0678779e+01   5.2291747e+01   5.2916506e+01   4.9701897e+01   5.4282304e+01   5.2006293e+01   4.9858801e+01   4.9208163e+01   4.7898456e+01   5.3676876e+01
   5.7459358e+01   5.1947052e+01   5.4941169e+01   5.5130087e+01   5.6865590e+01   5.6765972e+01   5.4756723e+01   5.4195337e+01   5.2890684e+01   5.5512485e+01   5.5606500e+01
   6.0481128e+01   5.8696430e+01   5.9914143e+01   5.9684141e+01   5.5441365e+01   5.3488797e+01   5.7608795e+01   5.5791403e+01   5.8389301e+01   5.8770259e+01   5.7370369e+01
   6.1601637e+01   6.2988949e+01   6.0774441e+01   6.3047666e+01   6.0840050e+01   6.1124370e+01   6.6172882e+01   6.1925061e+01   5.9140089e+01   6.0655419e+01   6.3451783e+01
   6.0992551e+01   6.4608554e+01   6.2860932e+01   6.3356887e+01   6.4269383e+01   6.2669904e+01   6.2950428e+01   6.7585000e+01   6.1345087e+01   6.4653756e+01   6.6068134e+01
   6.3853007e+01   6.6919693e+01   6.6752425e+01   6.1426863e+01   6.1863479e+01   6.2834349e+01   5.9428005e+01   6.8467508e+01   6.2604194e+01   6.4784247e+01   6.3420530e+01
   6.4414992e+01   6.2709858e+01   6.1241400e+01   6.0777964e+01   6.3729539e+01   5.9839638e+01   6.3647756e+01   6.0936076e+01   6.1715791e+01   6.1852570e+01   6.1507640e+01
   5.3211773e+01   5.5066702e+01   5.5786843e+01   5.5934123e+01   5.4705733e+01   5.6342986e+01   5.5007256e+01   5.2990278e+01   4.8199173e+01   5.5427851e+01   5.2928994e+01
   4.7454938e+01   4.5059747e+01   4.6458784e+01   4.6526110e+01   4.7612273e+01   4.6570146e+01   4.5939949e+01   4.5826047e+01   4.8367975e+01   4.8145981e+01   4.3675890e+01
   4.2406793e+01   4.8463355e+01   4.7063792e+01   4.4331242e+01   4.9060001e+01   4.5802583e+01   4.5920426e+01   4.6828754e+01   4.4023775e+01   4.4478860e+01   4.5342991e+01
   4.8796662e+01   4.9202487e+01   4.8636243e+01   4.7610836e+01   4.6705395e+01   4.6723165e+01   4.5290484e+01   4.7022277e+01   5.0257010e+01   4.8033682e+01   4.8337806e+01
