   4.9747835e+01   4.9997097e+01   5.0189516e+01   5.0370630e+01   5.0584901e+01   5.0599833e+01   5.0470350e+01   5.0388045e+01   5.0334032e+01   5.0300788e+01   5.0287042e+01
   5.1484547e+01   5.1771788e+01   5.1972475e+01   5.2155820e+01   5.2388717e+01   5.2381761e+01   5.2205789e+01   5.2100705e+01   5.2038006e+01   5.2005919e+01   5.2001982e+01
   5.4526146e+01   5.4839370e+01   5.5006632e+01   5.5146429e+01   5.5370770e+01   5.5321311e+01   5.5089076e+01   5.4971070e+01   5.4917396e+01   5.4906877e+01   5.4934622e+01
   5.7326230e+01   5.7633615e+01   5.7735755e+01   5.7802963e+01   5.7992319e+01   5.7914669e+01   5.7669328e+01   5.7572956e+01   5.7550557e+01   5.7571500e+01   5.7630488e+01
   6.1223915e+01   6.1489139e+01   6.1471048e+01   6.1411963e+01   6.1525110e+01   6.1439153e+01   6.1244486e+01   6.1219810e+01   6.1250752e+01   6.1300825e+01   6.1375379e+01
   6.4019508e+01   6.4216021e+01   6.4102082e+01   6.3947664e+01   6.3971734e+01   6.3902919e+01   6.3805194e+01   6.3847735e+01   6.3899172e+01   6.3938654e+01   6.3993759e+01
   6.4730669e+01   6.4831902e+01   6.4670829e+01   6.4474425e+01   6.4387703e+01   6.4325746e+01   6.4326451e+01   6.4402356e+01   6.4446308e+01   6.4463680e+01   6.4494063e+01
   6.1835687e+01   6.1842097e+01   6.1668087e+01   6.1463221e+01   6.1245103e+01   6.1161305e+01   6.1238135e+01   6.1322988e+01   6.1357937e+01   6.1362765e+01   6.1370725e+01
   5.4635105e+01   5.4661584e+01   5.4482687e+01   5.4273583e+01   5.3977897e+01   5.3858844e+01   5.3961095e+01   5.4052047e+01   5.4086482e+01   5.4086538e+01   5.4080126e+01
   4.6969939e+01   4.7224647e+01   4.7019337e+01   4.6802000e+01   4.6596883e+01   4.6490979e+01   4.6562966e+01   4.6672584e+01   4.6707910e+01   4.6703807e+01   4.6710293e+01
   4.5034154e+01   4.5361399e+01   4.5145624e+01   4.4970491e+01   4.4849757e+01   4.4822253e+01   4.4925603e+01   4.5027268e+01   4.5041577e+01   4.5029155e+01   4.5057851e+01
   4.6264569e+01   4.6363803e+01   4.6257335e+01   4.6185083e+01   4.6003480e+01   4.6013759e+01   4.6163621e+01   4.6204878e+01   4.6208853e+01   4.6202484e+01   4.6205749e+01
