   4.9246378e+01   5.0362378e+01   5.2229317e+01   5.1907947e+01   4.8785964e+01   5.3772310e+01   5.0823388e+01   4.9174521e+01   5.0587808e+01   5.1201542e+01   5.2639067e+01
   4.7799218e+01   5.0124944e+01   5.2191981e+01   5.3275379e+01   5.0440713e+01   5.5131199e+01   5.2767375e+01   5.0522953e+01   4.9805262e+01   4.8451179e+01   5.4189155e+01
   5.6359551e+01   5.1288633e+01   5.4846063e+01   5.5600465e+01   5.7800222e+01   5.7806218e+01   5.5639827e+01   5.4917088e+01   5.3500791e+01   5.6050478e+01   5.6085346e+01
   5.9262288e+01   5.7968775e+01   5.9805203e+01   6.0193221e+01   5.6459054e+01   5.4590070e+01   5.8483761e+01   5.6451375e+01   5.8909194e+01   5.9209269e+01   5.7752036e+01
   6.0287530e+01   6.2208384e+01   6.0626209e+01   6.3526540e+01   6.1856940e+01   6.2178607e+01   6.6904407e+01   6.2392026e+01   5.9462028e+01   6.0918342e+01   6.3689212e+01
   5.9652988e+01   6.3845958e+01   6.2690148e+01   6.3764795e+01   6.5235486e+01   6.3636518e+01   6.3520986e+01   6.7884795e+01   6.1527245e+01   6.4812775e+01   6.6236115e+01
   6.2392072e+01   6.6135520e+01   6.6511576e+01   6.1698352e+01   6.2748857e+01   6.3702710e+01   5.9830143e+01   6.8612251e+01   6.2659732e+01   6.4840311e+01   6.3512323e+01
   6.2597057e+01   6.1762514e+01   6.0818871e+01   6.0817253e+01   6.4503175e+01   6.0589584e+01   6.3829844e+01   6.0867365e+01   6.1573065e+01   6.1723583e+01   6.1448482e+01
   5.0835813e+01   5.3793362e+01   5.5020869e+01   5.5573242e+01   5.5219753e+01   5.6823986e+01   5.4803358e+01   5.2544376e+01   4.7693960e+01   5.4950795e+01   5.2572380e+01
   4.4774909e+01   4.3597541e+01   4.5392377e+01   4.5727874e+01   4.7719327e+01   4.6630581e+01   4.5289088e+01   4.4995015e+01   4.7503343e+01   4.7312476e+01   4.3001152e+01
   3.9804477e+01   4.7163700e+01   4.5995242e+01   4.3345301e+01   4.8905861e+01   4.5592919e+01   4.5065323e+01   4.5890914e+01   4.3074385e+01   4.3544167e+01   4.4555618e+01
   4.5795215e+01   4.7600793e+01   4.7129087e+01   4.6051669e+01   4.5876204e+01   4.5834743e+01   4.3844721e+01   4.5564236e+01   4.8794672e+01   4.6575886e+01   4.7034257e+01
