   4.8988221e+01   4.9526271e+01   5.0085543e+01   5.0638410e+01   5.1163268e+01   5.1279122e+01   5.1096977e+01   5.0953802e+01   5.0860108e+01   5.0802595e+01   5.0765586e+01
   5.0575247e+01   5.1217953e+01   5.1872709e+01   5.2514692e+01   5.3127533e+01   5.3230657e+01   5.2966872e+01   5.2764858e+01   5.2635105e+01   5.2558642e+01   5.2514261e+01
   5.3426338e+01   5.4180952e+01   5.4911526e+01   5.5616806e+01   5.6305403e+01   5.6361557e+01   5.5972180e+01   5.5692821e+01   5.5527503e+01   5.5444870e+01   5.5413469e+01
   5.6107390e+01   5.6905961e+01   5.7626815e+01   5.8312043e+01   5.9010008e+01   5.9015942e+01   5.8544294e+01   5.8232928e+01   5.8070450e+01   5.8010510e+01   5.8012155e+01
   5.9909809e+01   6.0708574e+01   6.1322816e+01   6.1890838e+01   6.2542000e+01   6.2493390e+01   6.1976011e+01   6.1686775e+01   6.1572691e+01   6.1563748e+01   6.1612808e+01
   6.2679944e+01   6.3453425e+01   6.3931298e+01   6.4355571e+01   6.4937837e+01   6.4869533e+01   6.4375752e+01   6.4147530e+01   6.4081330e+01   6.4097674e+01   6.4161740e+01
   6.3269734e+01   6.4047729e+01   6.4429979e+01   6.4745914e+01   6.5273081e+01   6.5194107e+01   6.4728589e+01   6.4547099e+01   6.4501845e+01   6.4519744e+01   6.4585856e+01
   6.0017753e+01   6.0894753e+01   6.1245558e+01   6.1502509e+01   6.2018738e+01   6.1911251e+01   6.1420222e+01   6.1254277e+01   6.1215211e+01   6.1233778e+01   6.1311568e+01
   5.2259144e+01   5.3388245e+01   5.3716713e+01   5.3912703e+01   5.4491916e+01   5.4339843e+01   5.3757197e+01   5.3606145e+01   5.3581269e+01   5.3609482e+01   5.3723512e+01
   4.4289910e+01   4.5762440e+01   4.5952931e+01   4.6003765e+01   4.6703937e+01   4.6551414e+01   4.5912104e+01   4.5841552e+01   4.5843278e+01   4.5870301e+01   4.6035556e+01
   4.2431838e+01   4.4061744e+01   4.4077074e+01   4.3984549e+01   4.4695618e+01   4.4612589e+01   4.4070500e+01   4.4089428e+01   4.4092187e+01   4.4094462e+01   4.4270478e+01
   4.3263122e+01   4.4762109e+01   4.4750180e+01   4.4625917e+01   4.5174289e+01   4.5125338e+01   4.4717858e+01   4.4746836e+01   4.4746515e+01   4.4744688e+01   4.4902200e+01
