   1.6355257e+01   1.3929686e+01   1.1787871e+01   1.1152853e+01   9.3313718e+00   9.5591390e+00   1.0719300e+01   1.0958096e+01   1.3847400e+01   1.3597150e+01   1.1246358e+01
   2.0182607e+01   1.5663001e+01   1.4939098e+01   1.3077970e+01   1.1344694e+01   9.5141560e+00   1.2639189e+01   1.3025897e+01   1.3188147e+01   1.1890240e+01   1.3464450e+01
   2.1208850e+01   1.6116748e+01   1.4624519e+01   1.0730233e+01   1.3273096e+01   1.3300064e+01   1.4436709e+01   1.5482021e+01   2.0063191e+01   1.4796613e+01   1.3124483e+01
   2.8141125e+01   1.9343421e+01   1.8623665e+01   1.5728718e+01   1.7974506e+01   1.8242411e+01   1.8694227e+01   1.9175131e+01   1.6000759e+01   1.6326232e+01   1.5911126e+01
   3.7341585e+01   2.5611790e+01   2.7942396e+01   1.9137310e+01   2.3009971e+01   1.9746514e+01   2.8306939e+01   2.4953672e+01   2.3808410e+01   2.6909794e+01   2.3034348e+01
   4.3956571e+01   3.9481991e+01   3.4084196e+01   3.8570629e+01   3.6944473e+01   2.7504032e+01   3.6671827e+01   3.6177826e+01   3.6964151e+01   3.9638834e+01   3.5983820e+01
   6.4958884e+01   5.1668140e+01   5.5390346e+01   5.6770339e+01   5.3609802e+01   5.5500525e+01   5.6570098e+01   5.5260027e+01   4.4694292e+01   6.0024343e+01   6.0729188e+01
   1.1559449e+02   8.7104560e+01   7.2422398e+01   8.2383413e+01   8.8450717e+01   7.9695267e+01   6.8564309e+01   8.8913574e+01   1.0225350e+02   9.3576111e+01   7.6455973e+01
   1.4341797e+02   8.2188164e+01   1.1517263e+02   9.8740877e+01   9.4605595e+01   1.0454214e+02   1.2210526e+02   1.0186268e+02   1.0734257e+02   1.1511948e+02   8.8752786e+01
   1.3879816e+02   1.0824547e+02   1.1701080e+02   1.1421327e+02   1.1091816e+02   1.0584878e+02   1.2486886e+02   1.1820563e+02   1.0028231e+02   1.1562787e+02   9.5117065e+01
   1.1189038e+02   1.1144105e+02   9.2651985e+01   9.3577761e+01   9.7413695e+01   9.5073334e+01   1.0810267e+02   1.1867078e+02   9.9844413e+01   9.0193424e+01   1.0442256e+02
   1.0822379e+02   1.0235543e+02   1.1812066e+02   9.8760951e+01   8.3210606e+01   1.1496253e+02   9.8230853e+01   1.0212007e+02   1.2521889e+02   9.0461064e+01   9.5936052e+01
