   1.0797254e+01   1.2606250e+01   1.1804468e+01   1.2100784e+01   1.1864287e+01   1.1964247e+01   1.1894241e+01   1.1718917e+01   1.4563774e+01   1.4242345e+01   1.2039523e+01
   1.3493902e+01   1.4285720e+01   1.4983107e+01   1.4121322e+01   1.4278895e+01   1.1766616e+01   1.3868289e+01   1.3787956e+01   1.3737692e+01   1.2340938e+01   1.4289677e+01
   1.4481431e+01   1.4886870e+01   1.4693895e+01   1.1480271e+01   1.6405043e+01   1.6109000e+01   1.5543593e+01   1.6118302e+01   2.0592493e+01   1.5152559e+01   1.3760875e+01
   1.9574935e+01   1.8064931e+01   1.8731522e+01   1.6678272e+01   2.1842937e+01   2.1684479e+01   1.9806842e+01   1.9704584e+01   1.6247291e+01   1.6567153e+01   1.6553753e+01
   2.6696442e+01   2.4322787e+01   2.8178147e+01   2.0060984e+01   2.7337756e+01   2.2916292e+01   2.9448050e+01   2.5319639e+01   2.3959348e+01   2.7118751e+01   2.3830413e+01
   3.2189574e+01   3.8041545e+01   3.4455456e+01   4.0045929e+01   4.3050061e+01   3.1304381e+01   3.7673147e+01   3.6454523e+01   3.7044939e+01   3.9812561e+01   3.7105933e+01
   4.8611894e+01   5.0385982e+01   5.6104303e+01   5.8473711e+01   6.1388229e+01   6.2106545e+01   5.7567370e+01   5.5431473e+01   4.4666777e+01   6.0114730e+01   6.2418196e+01
   8.8668126e+01   8.5988783e+01   7.3571417e+01   8.4367480e+01   9.9577184e+01   8.7719346e+01   6.9238545e+01   8.8909541e+01   1.0200338e+02   9.3523126e+01   7.8365760e+01
   1.1431253e+02   8.2729745e+01   1.1805445e+02   1.0112471e+02   1.0484900e+02   1.1332484e+02   1.2293703e+02   1.0207454e+02   1.0745491e+02   1.1540494e+02   9.1097333e+01
   1.1680665e+02   1.1237227e+02   1.2244296e+02   1.1848854e+02   1.2217901e+02   1.1412944e+02   1.2695854e+02   1.2021920e+02   1.0197912e+02   1.1763743e+02   9.8755421e+01
   9.8822585e+01   1.1868067e+02   9.8877574e+01   9.8692994e+01   1.0720479e+02   1.0252232e+02   1.1143368e+02   1.2266464e+02   1.0321620e+02   9.3232923e+01   1.0978394e+02
   9.9327210e+01   1.1028232e+02   1.2730087e+02   1.0533372e+02   9.1221266e+01   1.2366254e+02   1.0219023e+02   1.0652822e+02   1.3062131e+02   9.4349715e+01   1.0152353e+02
